%YAML:1.0

image_height: 720
image_width: 1280
use_imu: 1

depth_lower_thr: 0.1
depth_upper_thr: 10.0
max_y_diff: 5

# Calibration
distortion_type: 1  # 0 for undistorted inputs, 1 for radial-tangential: [k1, k2, p1, p2, k3], 2 for equidistant/fisheye:  [k1, k2, k3, k4, 0].
cam0:
  intrinsics: [730.117, 730.232, 637.406, 367.128] # fx, fy, cx, cy
  distortion_coeffs: [0.00101902, -0.00942369,  0.000261828, 0.000430789, 0.0118389]
  T_type: 0           # 0 for Euroc format, the following T is Tbc. 1 for Kalibr format, the following T is Tcb
  T: 
  # - [0.474472, 0.268451, 0.838338, 0.181437]
  # - [-0.870536, 0.00185493, 0.492101, 0.14509]
  # - [0.13055, -0.963292, 0.234576, -0.185608]   #-0.187475
  # - [0.0, 0.0, 0.0, 1.0]
  - [0.47175599954065165455,0.26188270620746186278,0.84194086169756014331,0.17862878610070208056]
  - [-0.87248499915046222798,0.0007359411517885152567,0.48864104534242556903,0.14837240712206972415]
  - [0.12734699987600235344,-0.96509908451953942092,0.22883540203711755133,-0.19333716216016974537]   #-0.187475
  - [0.0, 0.0, 0.0, 1.0]
cam1:
  intrinsics: [729.5, 729.44, 640.74, 366.31] # fx, fy, cx, cy
  distortion_coeffs: [0.000824031, -0.00732081, -0.0000845099 , 0.00202026, 0.00560318]
  T_type: 0       
  T: 
  - [0.471756, 0.264644, 0.841077, 0.207991]
  - [-0.872485, 0.00233934, 0.488636, 0.0939572]
  - [0.127347, -0.964343, 0.232001, -0.185608]
  - [0.0, 0.0, 0.0, 1.0]

  # extrinsic_RL =np.array([[0.999999999026301, 0, 0, -0.06231247229033006],
  #                       [ 0, 0.999994615810007, 0.0032813520197678926, -0.00018966436233633198],
  #                       [ 0, -0.0032813510522361564, 0.9999946159193994, 0.00010018382859733959],
  #                       [0,0,0,1]], dtype=np.float64)

# IMU
rate_hz: 100
gyroscope_noise_density: 1.0e-04     # [ rad / s / sqrt(Hz) ]   ( gyro "white noise" )
gyroscope_random_walk: 1.0e-05       # [ rad / s^2 / sqrt(Hz) ] ( gyro bias diffusion )
accelerometer_noise_density: 1.0e-3  # [ m / s^2 / sqrt(Hz) ]   ( accel "white noise" )
accelerometer_random_walk: 1.0e-3    # [ m / s^3 / sqrt(Hz) ].  ( accel bias diffusion )
g_value: 9.8